-0.1942197095136934
0.1151014900890452
0.633462734805662
0.3929284981257858
0.33499583923851495
0.7152633971596127
0.8385385802974584
0.4886703812422588
-0.21835468353614274
-0.30690965919920127
-0.6614384415468684
0.8087807528539834
-0.9921720101100515
-0.5416659683786434
0.31900212178299314
-0.5406363789318114
-0.9848151998300414
-0.6721721501732518
0.4534658520061274
-0.9150898442863449
-0.12629045648799142
0.1385055741084735
1.0071274288956833
-0.28728385447762017
0.7567876988303135
0.9433861786638612
0.5693475139099279
0.5677595125285465
-0.7420518946843628
-0.4123070239767355
