0.9414284313163709
0.4466776192749191
0.05787744912802861
0.20908070545173307
0.553698289554572
0.29369755030443556
0.4507901945222209
0.5108166930348906
0.25848694543865136
0.030897401240776556
0.21836886664470223
0.517309598667937
0.49962103921074097
0.3089765152453341
0.9788170002903279
0.44031194772825155
0.5035439850547256
0.9426471676627765
0.9196302356224716
0.48914406792276566
0.5831757688596144
0.8843431432439232
0.41803835226463315
0.5359731786043217
0.794427120876956
0.02205614014118662
0.9629693682909098
0.3379021346396609
0.48983224006812576
0.7981573842146819
0.001613494737902399
0.817118543486086
0.6038034005468528
0.6001619467802293
0.014327974612911465
0.8700825379947909
0.8252993341390455
0.10974625422660522
0.3335387710609534
0.9277071761017832
0.16623902994399697
0.3129297796093231
0.965458230405631
0.02071260475353498
0.8177811675049319
0.6721839526066513
0.9478527488702762
0.4178113551558438
0.6016285929219509
0.04033275443211326
0.5827579131663888
0.9991088155388915
0.7698062374028527
0.2564612172095255
0.21995296389316343
0.40307946005267203
0.38390032099817895
0.005649243763199641
0.13517048022614409
0.6427061557727176
0.01353516499580909
0.4472001001582965
0.4464309642894031
0.3248458704320544
0.03390333220383901
0.3201341344295022
0.9425564973807513
0.8266126412792257
0.37345405224471606
0.7200703798879422
0.15983147694652478
0.783544089609553
0.16538335807104831
0.5082195346270156
0.03594227853253995
0.026545158945711522
0.39035917615906246
0.3610639482585135
0.9947423255335877
0.6680792863335703
0.26295300462335514
0.7984016957453745
0.371052435065076
0.3828028261654236
0.8105393885295953
0.13778315760201587
0.67162100368689
0.05381670631579716
0.8209630141929536
0.21497020274220524
0.28653217313190404
0.8629342851290296
0.09406272708211194
0.8828998911527889
0.9147643766703943
0.591841931879893
0.7221805366774723
0.7557356395861418
0.148265940724581
0.37075514314017055
0.9460729877575157
0.39994099154819907
0.3708277650615356
0.36214934432756274
0.9851808845104534
0.19091207412312206
0.3711984042618294
0.8993715801407884
0.1250030993333463
0.35155683320116393
0.8442994144186299
0.41341520695113354
0.25935874270545056
0.26831060613774804
0.26006421500409305
0.07586680400829326
0.03161099793787592
0.04042887439700138
0.416337029163646
0.4620112241028973
0.6964655392158606
0.36000010689748796
0.36043264189286917
0.6953060842376129
0.8327447309132728
0.24297271414580135
0.2633721436685561
0.4729154338345769
0.07757867129893392
0.8355916994253068
0.26147334485458373
0.09171706692193438
0.1237425695353106
0.5059928398201005
0.24188897152612698
0.09517590953757049
0.3244092707743397
0.6973026831054119
0.04184978985148091
0.4437014220201443
0.3833748972990282
0.5664451957282854
0.5557837071590442
0.17458429946068676
0.7738544795372105
0.2619568616496307
0.800146125233875
0.3623339819323943
0.7252335862225918
0.8044639598191836
0.07271074938487587
0.816214806195896
0.8447008064573339
0.9250769258750445
0.9612341771384276
0.3590058470548927
0.6994756204281856
0.8898087406246513
0.10582185834367175
0.7194853146338428
0.9753843358587403
0.2922253958349781
0.29998649524551024
0.04086755028012368
0.14882676140856732
0.03188841027226441
0.7273047973620911
0.7583967100639009
0.9617145449758684
0.21275048155912568
0.8737419352769588
0.13152846554095055
0.3727518726770841
0.4935178229278262
0.930127374303308
0.02960658083045553
0.0734676421415904
0.5010927932502083
0.304929925614117
0.6646690664548673
0.1036979142766229
0.2785638207643112
0.20439347122948914
0.8409938166067716
0.578755832925989
0.38080946135861793
0.10525961384483662
0.9482216762744703
0.04931597897613138
0.15363642663967159
0.34471688006854506
0.3633698869161984
0.5550785973445219
0.9364717836469589
0.9828803162908062
0.14677669518002423
0.0045685519935358965
0.4139819757574136
0.5550198385857559
0.9179937803486482
0.11596260142130432
0.1085925647851701
0.3239192055535616
0.5798699088672932
0.7876282990184682
0.05373385452437107
0.16716168947119947
0.1225459197155222
0.43209588664188914
0.016739645567748984
0.2898029199008689
0.08380739507993173
0.5034746165276917
0.25067765103364925
0.5398047580092598
0.36821820495437374
0.1758632511539192
0.6459915563257629
0.22176902208125038
0.034684563362181176
0.8890941374079286
0.32568661635516316
0.9539230425044968
0.35057583430260963
0.268188622712223
0.1818918139769099
0.29397362630989854
0.8802548686551095
0.7441915674400136
0.5869837269716824
0.5713602392354498
0.6268472881417183
0.05659076353202175
0.5290579835508292
0.6066014115863884
0.278305277904522
0.7013169488015222
0.719386791435192
0.7728435529274245
0.4222990275515779
0.3033586807415286
0.7986016734556364
0.16038451145078958
0.18919405265552347
0.8393156888889011
0.6286925861076743
0.4418589726002272
0.15835067357814225
0.6127529857400553
0.7995160398082994
0.4039361332601388
0.5202074276129597
0.8940077113865683
0.9013565003140265
0.01079496297079885
0.4250872267046396
0.1761391216674939
0.8191865891152201
0.29530556845522626
0.16939156025600277
0.0700016282997531
0.2896237428264423
0.335760199112645
0.37082463642196695
0.9639593504918003
0.22818187697737857
0.06916042454791538
0.5665156832855973
0.7075506549569966
0.882268612359717
0.7164820486828563
0.7313846768913824
0.7434489495337679
0.6944802422836935
0.15100276265069368
0.05882273813548344
0.30835614434733705
0.871097712633447
0.6276917795959044
0.971735580156214
0.5510036653979138
0.04228886909315266
0.9098250234327349
0.7392241887353159
0.6742251573242998
0.07337378604393952
0.9784028472777192
0.2626547330729736
0.49810404649211615
0.04061123371297792
0.19061223905965663
0.5645945710502763
0.16248826541667893
0.6203161135570283
0.9654885299518738
0.26506950943898333
0.03970326252057188
0.6567194899437001
0.8180966151669308
0.8618226638502143
0.31208390592068513
0.47183374508267706
0.8379650798268707
0.944732625443291
0.08398451642045246
0.5596878127455076
0.5131708984677431
0.5692750821018722
0.34421549346402547
0.6676480965384363
0.13838678529622583
0.889888142072045
0.5723943367518598
0.9091430968345486
0.9133665320888725
0.8113288729634259
0.2914873767484909
0.47496072337721473
0.23775889595350364
0.8545845249468487
0.40885804227597555
0.7143890677164549
0.6388031706975803
0.6536289828301233
0.7594263587516821
0.8428229483474666
0.23037523021709738
0.5002909075790037
0.8670835400711363
0.2990602538198316
0.5950155500624982
0.13672739147708568
0.5742944146090274
0.8233632501188012
0.5049858287710385
0.5584727971548114
0.8548597414711474
0.6564620784026566
0.9540639925388623
0.9357594762742547
0.8210993180061473
0.8700289340789236
0.5587020026078521
0.8867834656923875
0.6642559136377583
0.7307530505077569
0.5053350274088209
0.243814544080578
0.025709249886972874
0.17299813349594562
0.870043952615228
0.14152746685083661
0.08662806478710006
0.9091256489164311
0.3174380424887139
0.7266563247604141
0.4849776607234161
0.44191850588978243
0.8975380487222032
0.03905224556075915
0.021338896948844388
0.2601418858269683
0.9026044235823104
0.6464496859264193
0.9987846017130337
0.7961287696642209
0.520269400032041
0.42872419880055024
0.9570971039029172
0.3033799728437757
0.3249953738633826
0.502150264372145
0.5079009079091896
0.6725195725032466
0.4867965580883442
0.6501455048647522
0.9548227940416891
0.34554830697186645
0.944324787810219
0.7842125808946153
0.3915811729786747
0.9111895311094111
0.6888340070533281
0.8972680719983384
0.010944972264665398
0.66822283412397
0.7362030812028085
0.6912735500369493
0.428792308373223
0.42905320945930814
0.3261090370756313
0.562060394751969
0.930037316761216
0.10236435801230348
0.3806087317849115
0.9064671526169753
0.6769832466302746
0.14155665908710102
0.2787993326294266
0.7803841085163505
