-2.1241517143301234E-6
0.8883280376764533
-0.8527464647709213
-0.9885338619066232
0.3875869780440316
-0.8789321383446095
0.13373880983281122
0.3172672922955515
0.7997265881048431
0.005445814934807355
-0.9979437071381174
-0.8921903561913608
5.593396934908371E-5
-0.9355680842149302
-0.5274170885752906
3.866803725161654E-4
-0.9630517380495098
-0.04699074478142568
-0.9466203222441308
-0.13170101173662663
2.317570428005439E-6
-3.012794875839723E-4
-0.0672056200365722
0.011026273338230464
0.012937930853204525
-0.6760980123644911
-0.9745489148167084
-0.9973047493908377
6.760328342980314E-12
-0.9653290507837631
-0.9938421763962519
-0.708157562866333
-0.7290132151649465
-0.8187714354136326
-1.0
-0.7853216994226596
-0.8936320472746984
-0.0029466564969647265
-0.8484203360709559
7.245454587478478E-5
